

PATH: [(0,0),(0,1),(1,1),(1,2),(1,3)]



(0,3)
exploring: fromList [((1,3),([(0,0),(0,1),(1,1),(1,2),(1,3)],11)),((1,4),([(0,0),(0,1),(1,1),(1,2),(1,3),(1,4)],16)),((2,2),([(0,0),(1,0),(2,0),(2,1),(2,2)],11)),((2,3),([(0,0),(0,1),(1,1),(1,2),(1,3),(2,3)],15)),((3,1),([(0,0),(1,0),(2,0),(2,1),(3,1)],11))]
 out of fromList [((0,1),([(0,0),(0,1)],3)),((0,2),([(0,0),(0,1),(0,2)],6)),((0,3),([(0,0),(0,1),(0,2),(0,3)],9)),((1,0),([(0,0),(1,0)],4)),((1,1),([(0,0),(0,1),(1,1)],5)),((1,2),([(0,0),(0,1),(1,1),(1,2)],7)),((1,3),([(0,0),(0,1),(1,1),(1,2),(1,3)],11)),((1,4),([(0,0),(0,1),(1,1),(1,2),(1,3),(1,4)],16)),((2,0),([(0,0),(1,0),(2,0)],5)),((2,1),([(0,0),(1,0),(2,0),(2,1)],6)),((2,2),([(0,0),(1,0),(2,0),(2,1),(2,2)],11)),((2,3),([(0,0),(0,1),(1,1),(1,2),(1,3),(2,3)],15)),((3,0),([(0,0),(1,0),(2,0),(3,0)],8)),((3,1),([(0,0),(1,0),(2,0),(2,1),(3,1)],11))]. new are 
fromList [((0,3),([(0,0),(0,1),(1,1),(1,2),(1,3),(0,3)],14)),((1,4),([(0,0),(0,1),(1,1),(1,2),(1,3),(1,4)],16)),((2,3),([(0,0),(0,1),(1,1),(1,2),(1,3),(2,3)],15))]


PATH: [(0,0),(0,1),(1,1),(1,2),(1,3)]




exploring: fromList [((1,4),([(0,0),(0,1),(1,1),(1,2),(1,3),(1,4)],16)),((2,2),([(0,0),(1,0),(2,0),(2,1),(2,2)],11)),((2,3),([(0,0),(0,1),(1,1),(1,2),(1,3),(2,3)],15)),((3,1),([(0,0),(1,0),(2,0),(2,1),(3,1)],11))]
 out of fromList [((0,1),([(0,0),(0,1)],3)),((0,2),([(0,0),(0,1),(0,2)],6)),((0,3),([(0,0),(0,1),(0,2),(0,3)],9)),((1,0),([(0,0),(1,0)],4)),((1,1),([(0,0),(0,1),(1,1)],5)),((1,2),([(0,0),(0,1),(1,1),(1,2)],7)),((1,3),([(0,0),(0,1),(1,1),(1,2),(1,3)],11)),((1,4),([(0,0),(0,1),(1,1),(1,2),(1,3),(1,4)],16)),((2,0),([(0,0),(1,0),(2,0)],5)),((2,1),([(0,0),(1,0),(2,0),(2,1)],6)),((2,2),([(0,0),(1,0),(2,0),(2,1),(2,2)],11)),((2,3),([(0,0),(0,1),(1,1),(1,2),(1,3),(2,3)],15)),((3,0),([(0,0),(1,0),(2,0),(3,0)],8)),((3,1),([(0,0),(1,0),(2,0),(2,1),(3,1)],11))]. new are 
fromList [((0,3),([(0,0),(0,1),(1,1),(1,2),(1,3),(0,3)],14)),((1,4),([(0,0),(0,1),(1,1),(1,2),(1,3),(1,4)],16)),((2,3),([(0,0),(0,1),(1,1),(1,2),(1,3),(2,3)],15))]